0.000000e+00 1.619992e-01
1.000000e-02 1.457987e-01
2.000000e-02 1.295993e-01
3.000000e-02 1.133975e-01
4.000000e-02 9.719510e-02
5.000000e-02 8.098896e-02
6.000000e-02 6.477042e-02
7.000000e-02 4.852343e-02
8.000000e-02 3.219663e-02
9.000000e-02 1.565970e-02
1.000000e-01 -1.430450e-03
1.100000e-01 -1.996362e-02
1.200000e-01 -4.212950e-02
1.300000e-01 -7.265508e-02
1.400000e-01 -1.185501e-01
1.500000e-01 -1.805678e-01
1.600000e-01 -2.415334e-01
1.700000e-01 -2.831281e-01
1.800000e-01 -3.062221e-01
1.900000e-01 -3.195088e-01
2.000000e-01 -3.287855e-01
2.100000e-01 -3.365852e-01
2.200000e-01 -3.438611e-01
2.300000e-01 -3.509528e-01
2.400000e-01 -3.579865e-01
2.500000e-01 -3.649992e-01
2.600000e-01 -3.720012e-01
2.700000e-01 -3.790011e-01
2.800000e-01 -3.860044e-01
2.900000e-01 -3.930040e-01
3.000000e-01 -4.000000e-01
3.100000e-01 -4.070040e-01
3.200000e-01 -4.140046e-01
3.300000e-01 -4.210017e-01
3.400000e-01 -4.280031e-01
3.500000e-01 -4.350048e-01
3.600000e-01 -4.420031e-01
3.700000e-01 -4.490017e-01
3.800000e-01 -4.560046e-01
3.900000e-01 -4.630040e-01
4.000000e-01 -4.700000e-01
4.100000e-01 -4.770040e-01
4.200000e-01 -4.840046e-01
4.300000e-01 -4.910017e-01
4.400000e-01 -4.980031e-01
4.500000e-01 -5.050048e-01
4.600000e-01 -5.120031e-01
4.700000e-01 -5.190017e-01
4.800000e-01 -5.260046e-01
4.900000e-01 -5.330040e-01
5.000000e-01 -5.400000e-01
5.100000e-01 -5.470040e-01
5.200000e-01 -5.540046e-01
5.300000e-01 -5.610017e-01
5.400000e-01 -5.680031e-01
5.500000e-01 -5.750048e-01
5.600000e-01 -5.820031e-01
5.700000e-01 -5.890017e-01
5.800000e-01 -5.960046e-01
5.900000e-01 -6.030040e-01
6.000000e-01 -6.100000e-01
6.100000e-01 -6.170040e-01
6.200000e-01 -6.240046e-01
6.300000e-01 -6.310017e-01
6.400000e-01 -6.380031e-01
6.500000e-01 -6.450048e-01
6.600000e-01 -6.520031e-01
6.700000e-01 -6.590017e-01
6.800000e-01 -6.660046e-01
6.900000e-01 -6.730040e-01
7.000000e-01 -6.800000e-01
7.100000e-01 -6.870040e-01
7.200000e-01 -6.940046e-01
7.300000e-01 -7.010017e-01
7.400000e-01 -7.080031e-01
7.500000e-01 -7.150048e-01
7.600000e-01 -7.220031e-01
7.700000e-01 -7.290017e-01
7.800000e-01 -7.360046e-01
7.900000e-01 -7.430040e-01
8.000000e-01 -7.500000e-01
8.100000e-01 -7.570040e-01
8.200000e-01 -7.640046e-01
8.300000e-01 -7.710017e-01
8.400000e-01 -7.780031e-01
8.500000e-01 -7.850048e-01
8.600000e-01 -7.920031e-01
8.700000e-01 -7.990017e-01
8.800000e-01 -8.060046e-01
8.900000e-01 -8.130040e-01
9.000000e-01 -8.200000e-01
9.100000e-01 -8.270040e-01
9.200000e-01 -8.340046e-01
9.300000e-01 -8.410017e-01
9.400000e-01 -8.480031e-01
9.500000e-01 -8.550048e-01
9.600000e-01 -8.620031e-01
9.700000e-01 -8.690017e-01
9.800000e-01 -8.760046e-01
9.900000e-01 -8.830040e-01
